Magik> readrequests("D:\temp\alex\billboard_requests.csv")




Processing request string:
3,87,56,33,95,73,9,76,3,32,28,97,73,38,64,86,75,67,81,58,38,1,25,86,72,80,74,24,5,6,37,91,41,62,58,13,5,3,66,4,63,33,33,90,86,3,15,61,20,28,76,50,18,69,67,39,10,30,11,22,88,15,17,58,9,3,46,94,95,57,84,78,32,72,35,35,24,82,57,98,70,68,59,37,16,36,32,58,86,76,49,13,1,47,99,45,92,74,76,78,76
Rejects: 35

Processing request string:
41,47,90,4,90,72,44,58,12,64,65,45,64,62,83,15,6,91,72,12,1,55,94,86,7,9,97,29,65,80,42,23,87,64,72,82,94,48,61,42,67,72,40,94,14,10,86,8,29,68,92,38,22,69,87,79,23,83,59,16,32,32,30,51,80,45,69,73,29,13,5,49,39,44,3,56,20,33,41,21,97,37,50,91,17,85,62,97,38,30,59,2,17,21,68,6,56,83,79,93
Rejects: 37

Processing request string:
74,16,40,85,69,46,46,26,44,49,82,83,19,90,0,11,95,55,61,53,93,74,64,18,79,69,72,91,95,34,19,48,45,30,57,26,66,14,67,38,79,12,55,0,65,69,44,23,47,83,96,70,14,75,43,96,72,30,44,73,20,72,58,38,15,91,7,80,32,64,88,80,55,61,62,70,39,63,75,88,17,42,22,34,73,31,37,16,68,99,59,40,97,95,41,66,73,12,2,66
Rejects: 36

Processing request string:
1,2,3,4,5,6,7,8,9,10,11,1,5,2,1,2,3,4,5,6,20,21,22,33,44,55
Rejects: 9

Magik> 
